100
8 7 189264513
56 542 4853 43672 393005 3537100 31833860
2 15 300911230
35 114 345 999 3078 9150 27477 82426 247258 741808 2225473 6676374 20029095 60087301 180261871
74 3 546676
97 7274 545482
1 6 100
1 5 10 25 50 100
5 10 826809923
22 155 963 5704 34251 205478 1232921 7397553 44385333 266311998
41 19 304419928
146679754 275938993 301562458 304144583 304160705 304284772 304307932 304397670 304400477 304414577 304415169 304415767 304416206 304419050 304419396 304419905 304419911 304419925 304419928
1 5 30
1 2 4 8 15
46 5 311256348
10 491 23076 1084575 50975001
3 29 875947636
201608642 509096632 760971765 819454271 840481725 848450395 862898518 868301398 868750462 869118632 870506348 873005113 873664258 874611214 875589396 875904188 875916540 875919341 875944167 875947144 875947290 875947400 875947449 875947561 875947591 875947594 875947633 875947635 875947636
58 3 9036945
78 4560 269028
8 8 343888219
50 435 3953 35548 319975 2879728 25917559 233258027
100 100 1000000000
999999901 999999902 999999903 999999904 999999905 999999906 999999907 999999908 999999909 999999910 999999911 999999912 999999913 999999914 999999915 999999916 999999917 999999918 999999919 999999920 999999921 999999922 999999923 999999924 999999925 999999926 999999927 999999928 999999929 999999930 999999931 999999932 999999933 999999934 999999935 999999936 999999937 999999938 999999939 999999940 999999941 999999942 999999943 999999944 999999945 999999946 999999947 999999948 999999949 999999950 999999951 999999952 999999953 999999954 999999955 999999956 999999957 999999958 999999959 999999960 999999961 999999962 999999963 999999964 999999965 999999966 999999967 999999968 999999969 999999970 999999971 999999972 999999973 999999974 999999975 999999976 999999977 999999978 999999979 999999980 999999981 999999982 999999983 999999984 999999985 999999986 999999987 999999988 999999989 999999990 999999991 999999992 999999993 999999994 999999995 999999996 999999997 999999998 999999999 1000000000
1 1 1000000000
10000
96 15 834584128
89032111 407780698 672993646 767408671 812756908 832412500 834411111 834491170 834494334 834559957 834578355 834581588 834581669 834582579 834584122
14 31 138920406
17710597 55580746 81200189 105780826 111266187 126019467 127766448 127993406 129517162 129750752 137596328 137720190 138429660 138724963 138888958 138905646 138908355 138911101 138915056 138916669 138917442 138917520 138919785 138919810 138920158 138920309 138920320 138920328 138920380 138920396 138920405
100 4 138301200
48 4836 488485 49336924
9 6 51725258
92 858 8642 86373 863736 8637396
88 4 906208399
48 4229 376401 33499708
59 4 17924302
74 4425 265467 15928050
21 25 350832567
24157578 279071105 282316693 289168779 328937003 340070547 349167970 350772485 350810506 350814310 350820955 350823380 350828387 350830555 350831585 350831936 350832184 350832361 350832508 350832520 350832536 350832553 350832564 350832566 350832567
50 26 701042029
368843697 624246804 651250841 668951336 677733437 693821920 698802536 699909145 700095304 700943475 700965181 700987757 701002495 701027088 701030861 701038129 701038877 701038917 701040451 701040934 701041810 701041900 701041963 701042008 701042027 701042029
3 13 959130164
51 177 738 2977 11868 47500 189939 759770 3039109 12156447 48625804 194503199 778012787
24 24 109198593
29978337 31064560 74787264 88743695 94359989 97284567 98017387 100402842 107546270 108862751 109164776 109169742 109180985 109196066 109196197 109197927 109198069 109198090 109198343 109198442 109198565 109198574 109198579 109198593
81 4 23225794
11 976 80002 6560119
16 27 820704139
760079537 819481289 819548677 820154609 820424775 820462305 820628650 820650306 820672142 820672338 820676622 820685652 820698025 820700927 820701220 820702941 820703010 820703976 820703980 820703998 820704022 820704063 820704114 820704118 820704133 820704135 820704138
81 17 243878020
93365245 98052460 153392878 233008417 237502885 243542506 243741608 243837671 243857905 243867832 243871642 243877625 243877960 243877967 243878015 243878019 243878020
31 19 175676152
80241757 154661640 166384304 172068733 172779078 173684347 174341116 174735559 175288148 175473391 175512378 175515505 175581323 175672808 175674465 175675877 175676021 175676065 175676140
27 17 442919065
141890552 183366566 415879433 423752459 431525635 436189998 441273264 441994754 442482125 442766695 442870807 442888508 442914912 442918403 442918831 442919052 442919061
2 1 3
3
41 21 282824925
209318728 246069819 276942657 281514640 282565956 282654533 282745173 282745916 282767135 282790680 282804688 282815260 282817016 282823580 282824445 282824543 282824899 282824914 282824919 282824922 282824924
55 14 427569794
423489324 425343335 425476891 426390870 427288149 427359546 427523614 427527791 427551022 427569067 427569387 427569725 427569740 427569790
9 7 262520939
84 795 7990 79862 798628 7986279 79862808
96 4 46122490
11 1112 107905 10466731
1 2 18
4 9
2 16 270451423
146655238 195589376 266472982 267941811 269748293 270371671 270397731 270411852 270440885 270441121 270441557 270447751 270450898 270450975 270451297 270451366
56 4 32673888
97 5508 313962 17895786
81 20 748646147
651599944 696688610 746486855 746612343 748169076 748196758 748357755 748543302 748583660 748625213 748628814 748636782 748639795 748642259 748644137 748644251 748644485 748645982 748646141 748646147
1 5 16
1 2 4 8 16
96 18 642944449
376931831 633909771 634408269 638509071 640649455 642033817 642338446 642902318 642928903 642932576 642939219 642940333 642943023 642943675 642944191 642944378 642944427 642944446
94 19 475569273
299554304 376846592 464385163 469333420 475151845 475212806 475385157 475525268 475526259 475567963 475568966 475569079 475569159 475569169 475569220 475569234 475569260 475569268 475569272
24 21 740823381
562908837 640800923 725078762 726132546 735729105 739910606 739998411 740749014 740792444 740816825 740819010 740820496 740823219 740823307 740823358 740823360 740823371 740823373 740823377 740823379 740823381
1 1 2
1
75 12 489025705
357445678 382793206 389325222 465087880 477361878 488114426 488973315 489017134 489024264 489025590 489025625 489025681
3 10 24506832
53 187 735 2940 11837 47317 189231 756934 3027755 12111063
13 23 303192035
279533132 294976482 296321093 298908343 298999132 302990390 303084442 303166584 303174129 303191043 303191298 303191337 303191353 303191512 303191777 303191975 303192012 303192016 303192027 303192028 303192033 303192034 303192035
2 4 64
1 2 7 63
18 19 873455497
784024770 841849332 846791151 856989932 860613460 871295719 872036308 872161358 873369778 873369892 873399774 873446361 873452573 873453168 873453923 873455242 873455331 873455468 873455495
37 4 10590972
33 1313 49813 1892928
93 13 145021072
43921514 47377391 101263429 116399077 143050637 144103120 145005330 145006718 145015474 145020486 145020594 145020894 145021008
98 13 494223658
168706463 223648042 397289063 418031083 468388142 493647681 493939127 493968178 494016717 494085379 494159151 494220586 494223596
71 30 801465506
463943817 508375224 519427315 551708690 598953431 788185397 795802147 798016887 801177985 801318788 801336210 801361767 801364408 801458043 801459928 801462972 801463923 801464147 801465041 801465076 801465207 801465277 801465298 801465423 801465475 801465487 801465488 801465502 801465504 801465506
61 21 303828787
49344000 162359547 177797291 222753292 300585450 301756707 301811512 301902923 303802600 303804285 303826489 303826923 303827931 303828049 303828485 303828560 303828707 303828724 303828775 303828785 303828787
1 5 5
1 2 3 4 5
2 25 111582456
26523551 37526266 44377489 65445664 103973032 104436640 109771228 109793887 110239813 111226879 111315801 111376673 111478101 111494397 111499106 111551709 111571375 111576130 111578215 111579008 111582369 111582426 111582440 111582445 111582456
1 2 3
1 2
6 9 200411953
12 145 969 6824 47726 334090 2338691 16370808 114595686
34 14 464797991
7263449 39817173 164246201 447932488 464532149 464557202 464675637 464744375 464797318 464797563 464797792 464797850 464797896 464797962
86 10 974810148
718148720 900802521 951352443 956041094 968065619 974204452 974372931 974543717 974810048 974810108
1 1 30
30
4 11 874803042
54 220 1104 5584 27886 139403 697012 3485110 17425516 87127622 435638095
95 22 711848779
96484539 442437595 643806571 686716814 696879931 700727202 701875470 706635568 708591441 710837420 711553536 711785864 711791208 711801187 711826137 711827148 711839492 711843792 711847850 711848358 711848599 711848728
77 16 977141573
75425419 916988167 956250080 963281131 974337303 975210468 976132048 976732473 977027379 977028827 977061008 977136301 977141272 977141388 977141495 977141561
7 7 47661165
37 314 2550 20407 163224 1305790 10446278
10 6 72338875
55 551 6092 66985 736879 8105675
3 13 586549508
2 91 367 1381 5539 22231 88914 355586 1422385 5689587 22758251 91033026 364132122
49 19 762073853
148279847 730220688 733338131 757620675 758662993 758913733 760348714 761393353 761756003 761757045 762072217 762072515 762073799 762073821 762073837 762073845 762073848 762073850 762073853
1 2 27
3 7
80 23 167713729
89904808 93877125 152404137 152638673 153466999 162118213 167532221 167655572 167696259 167707619 167708468 167712670 167712801 167713105 167713442 167713695 167713700 167713711 167713713 167713716 167713723 167713727 167713729
29 20 201552585
76305582 98059918 147269944 173670778 193166721 200544417 200823018 200970243 201137650 201501452 201524447 201532314 201549552 201551694 201552220 201552351 201552407 201552472 201552491 201552582
38 4 134676687
94 3598 140378 5474760
33 14 577232474
97834779 103764706 313727413 525060933 535292913 549864409 553053434 575335632 576067313 577130403 577228054 577231668 577232294 577232433
72 4 19113555
44 3214 234664 17130428
10 16 340256910
169107332 261653269 315979268 324013886 325599748 330849270 334268046 338324263 339570132 340118225 340240582 340241423 340241923 340256611 340256644 340256844
69 4 50836588
93 6463 452462 31672285
1 3 6
1 2 5
75 5 683012869
14 1091 82951 6304268 479124321
23 23 399727588
195745939 317843654 381938868 388239145 394698121 397702533 397752765 398290485 399321729 399468693 399496601 399496822 399615656 399676467 399700674 399709061 399717332 399723706 399726947 399727155 399727464 399727508 399727567
69 4 879345462
87 6092 426375 29846277
5 8 93520677
62 332 2004 12071 72346 434171 2604943 15629714
61 4 583477994
53 3274 203039 12588407
6 7 41679888
81 534 3720 26028 182239 1275614 8929360
2 15 770949564
62 207 581 1739 5245 15740 47205 141656 424948 1274823 3824461 11473387 34420115 103260360 309781104
72 4 209086504
20 1484 108384 7911976
51 15 524509638
346081188 518175629 521572676 523986092 524253488 524321287 524333720 524463758 524485655 524502378 524506045 524508799 524508914 524509600 524509637
1 4 16
1 2 4 8
7 7 89244335
83 606 4858 38846 310759 2486143 19889073
6 8 99588629
68 488 3400 23787 166461 1165297 8157030 57099202
7 7 59843291
96 675 5452 43617 348975 2791755 22334016
7 8 172378851
12 85 708 5640 45136 361109 2888909 23111220
74 18 121202111
100565348 117596439 118556530 120719298 120948828 121077088 121132952 121179855 121188246 121197277 121198151 121200960 121201706 121201801 121201894 121201996 121202086 121202109
21 14 854680843
807735744 846647176 854235754 854260560 854540238 854673413 854675750 854676424 854678931 854679718 854680081 854680724 854680763 854680826
1 5 100
3 6 12 25 51
9 7 58028983
55 567 5641 56434 564308 5643097 56430925
2 14 67890247
10 97 305 849 2582 7691 23124 69383 208149 624438 1873272 5619875 16859579 50578754
89 24 732631458
256476843 283657182 662484998 668116931 685438607 717826515 728081894 731837685 732218472 732343949 732372393 732446299 732480262 732628596 732629880 732630673 732630906 732630970 732631037 732631158 732631208 732631396 732631431 732631458
1 1 1000000000
1000000
75 18 746249107
149035964 368464857 739228492 744145043 744437285 745042857 745439970 746179405 746226234 746243505 746246292 746248547 746248860 746249023 746249086 746249097 746249104 746249106
1 1 7
1
7 8 597540862
85 668 5273 42220 337742 2701945 21615533 172924270
26 24 475545841
107486086 350980773 381448833 449733300 461613141 462317779 464149090 467159714 471160530 474269656 475466662 475472365 475507240 475513501 475540825 475545109 475545112 475545559 475545631 475545665 475545682 475545789 475545824 475545841
