100
1 1 5
3
1 3 23
14 15 17
1 2 12
2 7
1 1 5
3
1 3 28
4 8 17
1 1 23
21
1 1 3
2
1 3 27
19 26 27
1 1 23
15
1 2 27
3 7
1 1 24
11
1 2 25
22 24
1 1 2
2
1 2 24
1 21
1 2 3
1 2
1 1 22
21
1 1 23
1
1 1 7
4
1 3 17
2 6 12
1 1 30
1
1 1 23
5
1 5 30
8 14 20 27 30
1 2 9
3 9
1 3 30
2 6 10
1 3 24
4 7 13
1 3 26
7 21 26
1 3 22
5 7 14
1 1 20
1
1 1 16
14
1 4 28
3 22 25 28
1 1 3
2
1 4 27
2 4 10 18
1 2 9
7 9
1 1 2
1
1 2 7
3 6
1 1 25
1
1 4 16
1 2 4 8
1 3 30
11 22 28
1 3 26
4 5 10
1 1 6
1
1 1 3
3
1 3 24
4 8 13
1 2 2
1 2
1 3 26
5 9 16
1 2 25
10 25
1 2 10
4 6
1 3 12
4 5 7
1 4 28
2 4 11 20
1 1 6
4
1 1 30
2
1 2 8
4 8
1 1 4
4
1 2 3
1 3
1 3 6
1 2 5
1 3 20
3 5 11
1 1 26
24
1 2 22
20 22
1 4 29
5 22 26 29
1 2 18
4 9
1 2 19
17 19
1 5 30
1 2 4 8 15
1 3 16
3 4 9
1 4 29
3 9 23 29
1 3 21
12 14 17
1 5 16
1 2 4 8 16
1 1 13
5
1 1 23
5
1 5 5
1 2 3 4 5
1 2 16
1 4
1 1 26
23
1 3 26
14 20 24
1 1 4
4
1 2 9
2 5
1 1 7
1
1 3 7
5 6 7
1 3 29
26 28 29
1 3 29
2 4 9
1 4 30
1 3 9 16
1 4 29
1 2 8 15
1 2 25
9 23
1 1 30
30
1 2 12
10 12
1 2 17
16 17
1 1 5
5
1 1 1
1
1 1 29
23
1 4 30
3 5 10 22
1 3 20
3 4 8
1 1 29
22
1 1 4
4
1 3 14
1 5 14
1 2 6
4 5
1 3 24
11 18 23
1 4 13
1 4 7 13
1 2 24
7 11
1 1 21
10
1 2 23
1 5
1 1 4
4
1 1 17
17
1 1 2
1
