100
1 1 20
8
1 3 13
3 5 12
1 2 28
11 27
1 1 25
25
1 1 28
14
1 5 16
1 2 4 8 16
1 3 29
4 9 18
1 2 11
2 4
1 3 28
5 9 18
1 1 24
24
1 2 16
14 16
1 3 20
6 16 18
1 1 25
7
1 3 30
2 7 13
1 1 7
1
1 3 25
13 20 24
1 3 22
18 19 20
1 3 18
6 15 18
1 3 25
4 8 22
1 1 2
2
1 2 27
3 7
1 2 21
1 3
1 2 9
1 6
1 2 29
10 21
1 3 6
1 2 5
1 1 13
1
1 1 1
1
1 1 23
2
1 4 22
14 18 21 22
1 2 29
1 5
1 3 26
5 6 14
1 2 30
1 4
1 3 22
5 8 18
1 2 18
4 9
1 2 28
19 25
1 1 29
5
1 1 1
1
1 3 20
4 5 12
1 2 3
1 2
1 1 28
8
1 4 20
8 13 18 20
1 4 30
4 7 13 26
1 1 1
1
1 1 13
4
1 3 15
11 13 15
1 4 21
7 9 20 21
1 3 28
5 8 14
1 1 9
1
1 1 20
5
1 2 21
19 21
1 3 26
7 22 24
1 1 8
5
1 3 17
2 4 10
1 2 17
4 5
1 3 4
1 3 4
1 3 28
15 24 26
1 2 17
13 14
1 3 29
5 9 18
1 3 23
14 20 23
1 2 23
6 21
1 2 27
13 14
1 1 2
1
1 1 30
30
1 1 30
1
1 2 20
13 19
1 2 23
16 23
1 2 24
8 22
1 2 24
12 22
1 2 29
22 28
1 1 24
20
1 1 16
12
1 1 18
12
1 5 5
1 2 3 4 5
1 1 17
1
1 1 2
1
1 1 22
12
1 1 3
1
1 3 20
17 19 20
1 3 23
1 4 8
1 1 20
1
1 4 26
14 17 24 25
1 1 2
2
1 1 22
8
1 2 3
1 2
1 1 1
1
1 2 21
7 16
1 1 4
4
1 3 10
2 3 10
1 1 14
3
1 3 21
4 6 12
1 1 2
1
1 3 20
7 11 20
1 4 16
1 2 4 8
1 4 21
3 4 9 20
1 4 29
2 5 11 21
1 3 16
4 8 16
1 1 9
8
1 5 30
1 2 4 8 15
1 1 20
2
1 3 20
5 6 13
