100
2 3 2
1 1 1
2 1 2
3 2 3
15 15 15
3 3 3
100 2 100
51 6 51
25 3 25
1 4 1
4 21 4
64 6 64
100 3 100
86 9 86
47 7 47
30 4 30
24 12 24
1 77 1
1 100 1
57 4 57
2 59 2
100 4 100
3 4 3
2 15 2
19 1 19
1 23 1
10 5 10
31 12 31
46 10 46
50 8 50
4 1 4
10 18 10
100 6 100
88 5 88
91 6 91
84 6 84
70 5 70
8 14 8
41 11 41
3 11 3
54 8 54
58 7 58
51 3 51
14 7 14
100 5 100
3 1 3
4 29 4
2 4 2
49 10 49
8 6 8
3 37 3
75 8 75
34 10 34
20 5 20
62 5 62
2 2 2
57 1 57
19 2 19
67 4 67
13 11 13
85 1 85
77 8 77
2 51 2
100 1 100
2 45 2
4 14 4
8 7 8
25 9 25
33 7 33
20 13 20
24 8 24
16 1 16
80 8 80
19 10 19
31 1 31
26 3 26
19 14 19
23 13 23
1 28 1
2 35 2
52 2 52
30 10 30
91 5 91
5 7 5
4 3 4
93 1 93
31 9 31
100 9 100
1 2 1
4 2 4
37 10 37
27 6 27
50 2 50
58 3 58
1 3 1
34 2 34
1 87 1
87 7 87
8 17 8
4 4 4
