100
2 2 2
2 1 3
4 4 1
3 2 3
7 14 5
10 15 5
5 3 5
5 7 7
6 18 1
3 1 3
7 2 7
18 12 15
5 6 10
6 4 6
6 10 3
7 6 7
6 12 12
3 4 4
5 10 7
4 3 3
2 3 3
4 4 4
5 10 5
10 10 1
20 17 14
5 15 2
2 1 4
6 3 8
6 18 18
6 5 5
2 4 4
7 14 4
1 1 1
14 7 8
8 8 8
2 4 1
5 20 1
3 3 4
5 4 5
5 2 10
5 10 10
13 16 10
4 2 4
7 4 7
19 19 19
5 5 5
12 12 2
7 5 7
5 4 4
5 4 15
7 1 7
6 4 20
18 3 6
5 3 10
5 5 1
7 14 20
6 4 9
8 16 6
7 7 7
20 20 20
6 9 2
5 15 3
5 20 5
18 6 9
5 3 8
6 3 20
7 3 7
11 11 11
5 3 20
18 15 18
6 3 4
8 7 1
5 10 4
20 10 16
6 20 20
5 20 20
5 20 4
6 6 5
5 2 5
8 10 11
5 5 6
16 8 8
10 10 10
19 19 1
6 6 6
19 19 10
8 4 4
17 4 5
10 5 20
18 9 12
9 9 9
6 6 3
4 1 4
4 3 2
3 2 2
2 1 1
5 2 20
5 5 3
4 4 3
15 10 9
