100
4
10 5 15 5
2
100 100
8
81 81 81 81 81 81 81 0
6
23 90 40 0 100 9
2
0 0
10
100 0 100 0 100 0 100 0 100 0
10
100 100 100 100 100 100 100 100 100 0
5
4 85 70 3 85
6
50 76 60 22 97 81
7
90 44 82 57 57 20 80
8
56 51 33 28 10 5 19 95
9
21 80 93 91 41 14 67 37 22
10
34 7 46 35 27 79 45 73 73 33
10
55 10 55 39 52 8 60 41 4 63
10
27 53 11 85 74 69 69 85 19 60
10
79 57 39 95 18 54 12 23 95 63
10
91 57 7 28 4 90 90 65 91 86
10
93 5 88 33 41 59 52 62 45 55
10
69 50 48 17 11 42 58 26 50 11
10
25 57 53 38 15 0 15 74 12 70
10
30 6 10 19 28 49 3 37 44 40
10
87 47 20 86 15 84 58 28 55 75
10
74 60 45 25 22 25 43 28 73 59
10
94 60 55 37 79 30 43 0 67 44
10
52 37 6 7 9 21 25 62 26 37
10
19 83 64 51 73 82 11 44 88 64
10
33 18 31 71 39 98 30 73 18 19
10
7 68 54 50 68 94 88 87 79 5
10
14 23 17 29 29 91 25 12 86 1
10
32 5 51 40 6 97 63 81 74 78
10
64 57 36 81 38 83 14 56 63 29
10
59 82 59 53 81 70 6 7 53 14
10
94 38 86 41 31 73 14 8 51 16
10
54 86 85 68 36 93 69 64 88 86
10
76 33 97 93 20 69 74 81 37 37
10
48 69 1 37 38 58 52 76 91 86
10
33 39 83 74 48 79 35 29 55 56
10
6 56 43 26 19 89 93 3 68 0
10
77 76 18 69 89 91 47 23 47 30
10
14 77 96 79 37 23 43 55 57 47
10
26 0 97 35 81 35 35 49 17 37
10
3 97 49 92 73 5 86 0 75 48
10
29 38 16 63 36 27 34 80 38 56
10
58 67 80 99 78 0 69 21 83 62
10
90 52 53 31 24 3 69 84 49 42
10
83 51 63 64 64 49 98 41 81 15
10
32 79 18 53 70 49 81 41 4 67
10
15 70 53 75 44 23 59 14 0 47
10
59 30 46 69 64 19 81 39 46 81
10
50 6 86 25 98 77 6 19 44 71
10
44 65 39 51 35 90 50 8 22 34
10
95 8 54 35 3 43 61 76 80 26
10
2 82 59 96 18 72 12 52 73 85
10
92 22 48 2 51 66 6 54 56 68
10
60 49 22 86 31 39 68 78 28 19
10
84 40 27 20 64 48 45 74 89 28
10
51 90 20 48 44 8 83 94 95 3
10
89 68 69 66 40 46 79 84 61 38
10
94 0 8 9 85 48 66 1 12 73
10
87 35 44 66 77 10 48 50 88 61
10
79 15 22 1 48 48 66 82 53 47
10
43 41 27 67 15 95 84 77 10 89
10
74 55 62 48 44 70 69 46 14 10
10
17 37 80 2 26 8 2 35 78 11
10
92 68 62 54 29 12 37 53 54 17
10
69 67 68 29 42 18 29 89 14 71
10
99 75 96 8 34 98 47 69 76 71
10
33 81 44 74 27 62 18 37 13 56
10
97 7 33 14 34 68 75 73 61 43
10
29 15 52 67 61 19 0 39 56 46
10
54 35 90 49 63 15 9 36 21 2
10
30 34 47 19 14 58 3 19 25 50
10
78 93 83 97 18 53 39 98 56 45
10
77 61 94 30 4 91 38 78 59 37
10
33 9 27 27 12 57 39 71 77 70
10
99 26 17 80 16 18 30 95 76 20
10
35 65 36 63 82 81 88 90 87 13
10
48 48 61 35 83 30 38 81 47 90
10
41 15 94 0 22 99 43 24 45 62
10
45 43 21 60 9 62 60 95 29 18
10
43 89 85 60 49 12 24 82 25 17
10
26 84 69 15 38 19 79 70 87 40
10
64 43 3 43 20 35 95 39 61 42
10
99 12 5 95 71 94 8 90 21 90
10
84 27 86 84 69 88 62 93 36 37
10
92 23 60 71 14 87 98 5 31 82
10
4 37 8 99 79 85 82 62 28 79
10
74 79 12 62 89 93 72 8 17 72
10
32 22 94 83 28 59 73 82 70 53
10
58 92 32 52 68 0 2 76 76 73
10
86 73 8 81 18 54 81 43 17 38
10
16 16 47 58 24 77 36 40 46 96
10
59 36 88 27 74 74 95 36 9 67
10
30 46 96 13 36 48 76 88 84 33
10
38 65 65 3 46 33 13 56 47 16
10
31 86 78 23 41 23 3 82 37 76
10
10 99 1 33 43 96 5 46 59 36
10
14 4 25 90 17 45 57 22 71 52
10
14 40 92 75 38 16 19 92 87 73
10
41 14 93 78 69 83 27 85 31 36
